4.5
0.33,0.67
0.33,0.67
0.8,1.6,2.4,3.2
0.5,1.0,1.5
0.25,0.5,0.75,1.0,1.25,1.5,1.75
1.67,3.33,5.0,6.67,8.33
2.5,5.0,7.5,10.0,12.5,15.0,17.5
2.2,4.4,6.6,8.8
1.58,3.17,4.75,6.33,7.92,9.5,11.08,12.67,14.25,15.83,17.42
14.0,28.0
12.5
0.29,0.57,0.86,1.14,1.43,1.71
0.25,0.5,0.75
0.14,0.29,0.43,0.57,0.71,0.86
2.9,5.8,8.7,11.6,14.5,17.4,20.3,23.2,26.1
0.75,1.5,2.25
1.56,3.11,4.67,6.22,7.78,9.33,10.89,12.44
12.96,25.91,38.87,51.83,64.78,77.74,90.7,103.65,116.61,129.57,142.52,155.48,168.43,181.39,194.35,207.3,220.26,233.22,246.17,259.13,272.09,285.04
11.36,22.71,34.07,45.42,56.78,68.13,79.49,90.84,102.2,113.56,124.91,136.27,147.62,158.98,170.33,181.69,193.04,204.4,215.76,227.11,238.47,249.82,261.18,272.53,283.89,295.24,306.6,317.96,329.31,340.67,352.02,363.38,374.73,386.09,397.44,408.8,420.16,431.51,442.87,454.22,465.58,476.93,488.29,499.64
85.46,170.92,256.38,341.85,427.31,512.77,598.23,683.69,769.15,854.62,940.08,1025.54
88.38,176.75,265.13,353.5,441.88,530.25,618.63,707.0,795.38,883.75,972.13,1060.5,1148.88,1237.25,1325.63,1414.0,1502.38,1590.75,1679.13,1767.5,1855.88,1944.25,2032.63
1247.5,2495.0,3742.5
6.82,13.65,20.47,27.3,34.12,40.95,47.77,54.6,61.42,68.25,75.07,81.89,88.72,95.54,102.37,109.19,116.02,122.84,129.67,136.49,143.32,150.14,156.96,163.79,170.61,177.44,184.26,191.09,197.91,204.74,211.56,218.39,225.21,232.04,238.86,245.68,252.51,259.33,266.16,272.98,279.81,286.63,293.46,300.28,307.11,313.93,320.75,327.58,334.4,341.23,348.05,354.88,361.7,368.53,375.35,382.18
2.75,5.5,8.25,11.0,13.75,16.5,19.25
8.8,17.6,26.4,35.2
4.5
0.33,0.67
0.33,0.67
0.8,1.6,2.4,3.2
0.5,1.0,1.5
0.25,0.5,0.75,1.0,1.25,1.5,1.75
1.67,3.33,5.0,6.67,8.33
2.5,5.0,7.5,10.0,12.5,15.0,17.5
2.2,4.4,6.6,8.8
1.58,3.17,4.75,6.33,7.92,9.5,11.08,12.67,14.25,15.83,17.42
14.0,28.0
12.5
0.29,0.57,0.86,1.14,1.43,1.71
0.25,0.5,0.75
0.14,0.29,0.43,0.57,0.71,0.86
2.9,5.8,8.7,11.6,14.5,17.4,20.3,23.2,26.1
0.75,1.5,2.25
1.56,3.11,4.67,6.22,7.78,9.33,10.89,12.44
12.96,25.91,38.87,51.83,64.78,77.74,90.7,103.65,116.61,129.57,142.52,155.48,168.43,181.39,194.35,207.3,220.26,233.22,246.17,259.13,272.09,285.04
11.36,22.71,34.07,45.42,56.78,68.13,79.49,90.84,102.2,113.56,124.91,136.27,147.62,158.98,170.33,181.69,193.04,204.4,215.76,227.11,238.47,249.82,261.18,272.53,283.89,295.24,306.6,317.96,329.31,340.67,352.02,363.38,374.73,386.09,397.44,408.8,420.16,431.51,442.87,454.22,465.58,476.93,488.29,499.64
85.46,170.92,256.38,341.85,427.31,512.77,598.23,683.69,769.15,854.62,940.08,1025.54
88.38,176.75,265.13,353.5,441.88,530.25,618.63,707.0,795.38,883.75,972.13,1060.5,1148.88,1237.25,1325.63,1414.0,1502.38,1590.75,1679.13,1767.5,1855.88,1944.25,2032.63
1247.5,2495.0,3742.5
6.82,13.65,20.47,27.3,34.12,40.95,47.77,54.6,61.42,68.25,75.07,81.89,88.72,95.54,102.37,109.19,116.02,122.84,129.67,136.49,143.32,150.14,156.96,163.79,170.61,177.44,184.26,191.09,197.91,204.74,211.56,218.39,225.21,232.04,238.86,245.68,252.51,259.33,266.16,272.98,279.81,286.63,293.46,300.28,307.11,313.93,320.75,327.58,334.4,341.23,348.05,354.88,361.7,368.53,375.35,382.18
2.75,5.5,8.25,11.0,13.75,16.5,19.25
8.8,17.6,26.4,35.2
4.5
0.33,0.67
0.33,0.67
0.8,1.6,2.4,3.2
0.5,1.0,1.5
0.25,0.5,0.75,1.0,1.25,1.5,1.75
1.67,3.33,5.0,6.67,8.33
2.5,5.0,7.5,10.0,12.5,15.0,17.5
2.2,4.4,6.6,8.8
1.58,3.17,4.75,6.33,7.92,9.5,11.08,12.67,14.25,15.83,17.42
14.0,28.0
12.5
0.29,0.57,0.86,1.14,1.43,1.71
0.25,0.5,0.75
0.14,0.29,0.43,0.57,0.71,0.86
2.9,5.8,8.7,11.6,14.5,17.4,20.3,23.2,26.1
0.75,1.5,2.25
1.56,3.11,4.67,6.22,7.78,9.33,10.89,12.44
12.96,25.91,38.87,51.83,64.78,77.74,90.7,103.65,116.61,129.57,142.52,155.48,168.43,181.39,194.35,207.3,220.26,233.22,246.17,259.13,272.09,285.04
11.36,22.71,34.07,45.42,56.78,68.13,79.49,90.84,102.2,113.56,124.91,136.27,147.62,158.98,170.33,181.69,193.04,204.4,215.76,227.11,238.47,249.82,261.18,272.53,283.89,295.24,306.6,317.96,329.31,340.67,352.02,363.38,374.73,386.09,397.44,408.8,420.16,431.51,442.87,454.22,465.58,476.93,488.29,499.64
85.46,170.92,256.38,341.85,427.31,512.77,598.23,683.69,769.15,854.62,940.08,1025.54
88.38,176.75,265.13,353.5,441.88,530.25,618.63,707.0,795.38,883.75,972.13,1060.5,1148.88,1237.25,1325.63,1414.0,1502.38,1590.75,1679.13,1767.5,1855.88,1944.25,2032.63
1247.5,2495.0,3742.5
6.82,13.65,20.47,27.3,34.12,40.95,47.77,54.6,61.42,68.25,75.07,81.89,88.72,95.54,102.37,109.19,116.02,122.84,129.67,136.49,143.32,150.14,156.96,163.79,170.61,177.44,184.26,191.09,197.91,204.74,211.56,218.39,225.21,232.04,238.86,245.68,252.51,259.33,266.16,272.98,279.81,286.63,293.46,300.28,307.11,313.93,320.75,327.58,334.4,341.23,348.05,354.88,361.7,368.53,375.35,382.18
2.75,5.5,8.25,11.0,13.75,16.5,19.25
8.8,17.6,26.4,35.2
4.5
0.33,0.67
0.33,0.67
0.8,1.6,2.4,3.2
0.5,1.0,1.5
0.25,0.5,0.75,1.0,1.25,1.5,1.75
1.67,3.33,5.0,6.67,8.33
2.5,5.0,7.5,10.0,12.5,15.0,17.5
2.2,4.4,6.6,8.8
1.58,3.17,4.75,6.33,7.92,9.5,11.08,12.67,14.25,15.83,17.42
14.0,28.0
12.5
0.29,0.57,0.86,1.14,1.43,1.71
0.25,0.5,0.75
0.14,0.29,0.43,0.57,0.71,0.86
2.9,5.8,8.7,11.6,14.5,17.4,20.3,23.2,26.1
0.75,1.5,2.25
1.56,3.11,4.67,6.22,7.78,9.33,10.89,12.44
12.96,25.91,38.87,51.83,64.78,77.74,90.7,103.65,116.61,129.57,142.52,155.48,168.43,181.39,194.35,207.3,220.26,233.22,246.17,259.13,272.09,285.04
11.36,22.71,34.07,45.42,56.78,68.13,79.49,90.84,102.2,113.56,124.91,136.27,147.62,158.98,170.33,181.69,193.04,204.4,215.76,227.11,238.47,249.82,261.18,272.53,283.89,295.24,306.6,317.96,329.31,340.67,352.02,363.38,374.73,386.09,397.44,408.8,420.16,431.51,442.87,454.22,465.58,476.93,488.29,499.64
85.46,170.92,256.38,341.85,427.31,512.77,598.23,683.69,769.15,854.62,940.08,1025.54
88.38,176.75,265.13,353.5,441.88,530.25,618.63,707.0,795.38,883.75,972.13,1060.5,1148.88,1237.25,1325.63,1414.0,1502.38,1590.75,1679.13,1767.5,1855.88,1944.25,2032.63
1247.5,2495.0,3742.5
6.82,13.65,20.47,27.3,34.12,40.95,47.77,54.6,61.42,68.25,75.07,81.89,88.72,95.54,102.37,109.19,116.02,122.84,129.67,136.49,143.32,150.14,156.96,163.79,170.61,177.44,184.26,191.09,197.91,204.74,211.56,218.39,225.21,232.04,238.86,245.68,252.51,259.33,266.16,272.98,279.81,286.63,293.46,300.28,307.11,313.93,320.75,327.58,334.4,341.23,348.05,354.88,361.7,368.53,375.35,382.18
2.75,5.5,8.25,11.0,13.75,16.5,19.25
8.8,17.6,26.4,35.2
